52
222
126
432
394
107
58
508
262
454
437
119
494
123
28
105
216
32
33
71
371
425
144
185
120
348
3
259
281
245
20
293
211
350
491
292
333
385
502
145
322
294
506
424
171
85
235
326
408
81
163
134
84
237
472
113
308
447
291
130
366
146
364
117
207
95
449
167
361
362
309
453
377
461
479
455
463
273
327
82
439
15
206
63
212
41
359
139
378
133
274
236
80
509
251
266
0
355
10
401
243
227
431
98
298
460
379
34
428
415
321
442
443
253
330
406
178
440
325
459
196
340
24
299
304
111
190
116
275
386
328
404
38
306
352
106
193
495
505
9
128
496
477
25
223
405
319
468
473
487
317
466
93
411
470
278
173
13
433
179
135
376
380
125
353
151
174
241
318
301
214
255
332
136
422
202
357
234
221
224
392
420
409
65
312
39
465
268
358
347
76
122
421
403
170
469
228
231
88
418
457
287
219
402
280
62
399
471
365
398
44
53
498
258
230
131
382
97
329
296
239
412
50
233
441
417
159
272
337
462
110
320
338
30
427
142
77
481
351
114
48
6
70
270
156
87
483
29
89
390
303
438
140
75
478
172
276
286
27
373
372
451
164
168
160
345
184
45
279
444
153
314
198
4
162
191
57
464
429
180
315
18
83
423
102
165
40
267
367
238
51
410
152
56
100
78
341
265
334
91
1
475
480
67
467
127
324
143
197
203
356
252
155
175
208
68
500
295
55
503
176
92
86
504
112
61
59
493
200
201
137
387
37
66
499
283
186
72
313
492
316
331
149
310
132
182
263
307
264
414
35
74
335
158
22
21
147
486
209
393
507
129
108
16
277
96
448
189
195
69
297
26
342
388
247
166
485
257
452
232
121
476
434
181
226
391
118
349
374
90
244
8
42
290
7
395
269
416
407
246
187
346
225
36
397
430
205
101
215
49
47
474
261
271
248
396
375
204
104
14
73
23
510
368
154
289
284
381
383
103
456
150
242
240
19
79
489
363
344
497
210
46
5
256
370
169
305
148
354
199
192
435
488
300
64
311
343
446
109
511
31
282
254
302
183
94
177
250
217
389
157
260
138
220
213
188
54
450
161
60
458
229
419
124
339
99
400
413
501
445
11
436
17
288
426
484
218
323
285
384
336
369
194
490
141
482
249
2
115
43
360
12
