7359
4619
2928
963
5795
851
6790
1967
5387
6078
4312
6588
6044
3298
1434
3529
2649
1741
378
7821
1352
6707
6469
4189
4347
2133
7385
7047
3724
3524
5530
3888
388
4254
2056
5625
7410
1671
294
2534
2875
3418
5620
6032
371
8018
4669
2606
576
4876
614
3764
1945
7678
1456
7054
6236
8170
3060
4855
5543
3702
2704
4252
1307
6095
5103
6510
7251
2697
7244
3878
5698
1897
3857
3823
1442
5990
5147
6031
6365
7433
2536
3248
2860
777
6747
1208
2245
7129
4317
4608
2461
5217
2864
5415
5174
819
5461
3194
2252
627
6900
4409
4222
2136
2098
8066
6839
7495
4391
6562
5917
5131
5182
4895
7979
1727
2352
5802
1809
6184
1080
5887
6402
3667
5682
2901
5270
2953
2050
1092
5933
7824
4569
4248
6722
2410
2866
4830
4346
1762
3284
4338
4395
1737
5273
5229
2147
7282
909
3533
1460
6549
5121
526
1160
8075
7599
5413
7332
356
3024
5278
4868
3736
3628
5379
8012
255
3226
2122
5609
7077
181
359
5603
6182
2868
4584
3396
2598
2555
7409
185
5400
3891
5986
4260
713
2740
598
7866
355
6412
7342
5724
5336
6488
8034
1805
3047
3262
802
1021
1316
7221
6237
5946
4297
2357
4545
4127
2924
2282
4246
238
2095
106
3223
3570
2398
6627
1835
3792
2469
5869
4340
7590
6261
2833
2897
2711
5190
6265
6530
7706
6624
1462
954
1883
2315
1812
4058
5532
4782
7648
3844
1023
6477
6028
2302
6985
370
1007
1264
1163
481
186
2089
6895
7898
3730
2581
5868
2605
295
3029
5101
6356
2823
7600
5189
7617
2187
2212
1124
6485
6377
1910
6271
3556
5457
3765
6723
5340
2939
913
7792
2333
2121
3201
2510
4653
7994
5580
6419
5693
3977
1392
7301
2858
7759
3696
6744
4031
5927
4560
5506
1327
6169
620
2230
1222
1802
1929
7663
780
5623
2425
7486
6945
1106
4430
811
1189
7020
6690
6164
3400
7956
1943
1688
4177
950
1818
1804
7971
3465
2215
6181
4015
470
437
1677
5412
7750
5671
6066
7103
4366
6776
3242
7832
6379
600
6030
6242
685
1747
2107
6862
7389
1169
8138
3912
8108
131
2992
7
8146
6992
3390
6811
7164
3509
6128
2299
1680
3630
5688
5923
303
6185
1331
2734
7803
6974
6664
6334
439
2910
18
7537
2059
7313
2620
254
1664
4398
7751
7470
2748
4641
315
1768
5686
5261
8031
3419
3778
2447
1647
3532
3032
6474
7507
554
4671
5170
2162
1905
4121
8048
2137
5792
2482
3378
1055
2096
4681
2801
2773
2852
4554
4045
1399
4009
1530
5112
2690
108
7781
6807
326
6634
7375
7116
6561
5575
2660
3067
7065
2493
1707
6126
4970
3089
5427
4667
1579
3860
5810
5426
5619
3731
5268
3069
5000
1098
1129
5975
7911
4971
5448
7345
5709
2885
5381
6552
8055
2914
7723
7800
1764
4042
4410
7962
6797
354
4778
4333
2380
7005
3510
5934
2290
4805
7041
5562
4985
6539
769
6371
4990
4848
4024
831
1082
1757
6413
256
2160
547
8166
3853
4857
5292
5300
1749
1597
5301
94
4452
4041
400
3649
1309
4005
1137
438
1655
2736
2579
5737
1060
4810
840
308
1119
3638
3979
5232
2471
1209
4434
5233
5206
5266
3847
6296
942
441
5060
8098
5710
8042
6418
7399
7873
6934
758
5733
7552
88
5861
1324
7610
2627
644
7975
6436
714
5277
1085
1542
3610
2422
1430
2262
6848
8065
1875
5485
6956
7624
3915
5202
225
8009
2941
221
1269
3658
8030
7844
7075
5251
7528
3780
3094
4302
989
3864
8072
807
3603
3838
358
5203
4084
6733
8036
5061
2592
6067
2572
1503
2874
6234
278
6647
7323
3157
3755
5168
7817
4449
585
7976
6626
6072
5178
3987
916
4975
8081
5545
5375
7353
112
2813
7613
7849
1806
5176
6946
7368
386
6734
3131
998
2462
2255
7980
6399
1643
4615
3507
2154
6962
1414
3997
3672
7426
5930
3989
1670
3542
6027
6259
6554
7444
6800
361
5782
663
2264
4399
7589
7609
6519
4405
1541
54
7628
4886
1613
3331
2782
5366
6206
3050
3527
3393
6141
7071
180
2321
2778
8190
4813
7471
7231
5522
122
5347
4104
1853
4472
4591
274
4951
7412
5747
720
1900
1009
626
3424
3353
5354
1873
2165
6999
7564
7419
4614
3349
5892
3541
1180
1870
935
3706
5771
3710
6478
1472
2431
1536
2061
8122
4100
350
7924
2811
2574
1653
5989
3012
2489
5634
5272
71
3121
2497
2251
3795
1893
1826
5865
580
5611
1476
7699
2124
5117
4484
6035
5551
2830
5888
4658
7546
6232
1433
1396
1057
1918
333
7464
6631
6226
4201
2041
20
5097
2293
3245
2074
5021
6708
6773
1116
4007
492
4799
3222
3681
1196
2669
7972
7004
1266
6289
7791
2231
7374
3830
2539
3344
6656
1849
5706
5519
7284
1168
2470
1518
4808
4657
3075
5911
6073
7373
4349
5555
6180
1248
6628
6019
4618
1487
3589
3782
3539
4976
7307
1421
13
850
1244
997
4273
3737
2582
7162
1194
1651
7137
528
6517
3105
5289
3930
592
5235
7886
6314
4335
4633
1504
4517
2364
6661
7867
1058
2119
4966
944
7235
4327
3007
8073
4071
3969
3712
4879
1756
3235
7239
4021
4145
680
2091
7685
4699
1648
4529
1765
2787
458
1279
4518
2001
2798
7885
4196
3199
3728
6011
5376
6718
4148
3633
6052
3986
2045
6654
5125
3845
4008
7076
7454
1470
1576
2996
5600
5654
2456
493
5318
5315
7177
1877
6714
559
2199
6235
1580
1335
6370
7324
3415
7538
172
135
7509
6991
7863
99
2721
2009
4174
7289
2975
7361
7627
2228
1594
2379
4820
2178
8061
767
5006
6076
4963
3685
3745
252
1109
7634
4379
2699
709
2569
7377
5965
5199
7064
336
6927
7016
3644
2824
5874
6532
6111
3312
6456
6731
4987
1525
4541
4160
6672
3310
2169
6098
195
435
6460
1341
5683
6156
5365
5909
4055
4114
6286
4020
3117
1040
8109
3511
5162
7896
5389
3530
1908
4303
177
1305
4708
3574
2717
6333
5971
5523
3249
6211
2067
1931
5343
6166
3935
2496
2907
7661
5395
2893
4611
4415
3055
4956
6698
5841
936
2413
3159
793
4844
3382
1358
2148
5577
6602
6860
1461
633
5089
2752
4662
3230
2989
6048
4330
1336
2809
5065
424
7992
1018
4431
3316
6006
7958
5794
7203
6492
6151
5310
4050
5399
666
6514
2603
2177
4596
146
4684
4794
6223
6440
6699
3473
7400
4469
6385
3409
7477
6749
3266
3340
4228
6276
6092
6080
6494
874
1612
7341
3421
5351
348
3944
4075
7299
5635
5316
2972
3106
2337
7151
2859
3756
3120
4831
7003
6745
3495
2079
5651
4288
3564
7881
5084
3018
3688
2838
7310
2479
5966
3723
1162
3942
7483
7504
2192
4636
7581
5377
3309
139
367
993
1632
3923
914
6767
3591
6323
6178
4
2088
7993
7067
5746
4387
6380
2224
6420
3577
5798
2080
1539
7029
1231
2671
6325
3169
5687
4519
1132
4495
5245
7457
7027
2258
6406
3182
4467
4438
5074
2408
818
5437
5561
8025
924
1230
4504
2776
3447
7606
3322
7217
1751
7836
5653
1290
1942
1347
4797
1198
5761
318
7407
654
3484
2632
6586
3733
5211
3470
4049
3569
6585
3865
1227
7393
1864
2341
341
2211
4928
375
1994
6965
7306
2276
6099
1206
226
4802
5355
4279
908
798
727
4740
2870
674
4546
6750
5589
1469
5163
2351
2022
2491
8164
1099
757
365
6902
312
4642
1620
4694
5646
3616
3083
7098
2894
5705
4804
3059
6986
2544
1884
5258
7684
1885
4221
934
2303
4861
1242
1567
5666
4269
4034
37
6766
7796
488
200
6481
1135
3280
4565
3370
3581
4526
7131
98
6905
6423
4690
6321
3769
1481
6383
6026
1767
683
8130
3863
4894
1216
1899
1909
3239
1687
4513
4651
5876
2707
6417
638
3176
8144
2666
7677
6022
1154
3496
7487
5595
7179
138
2909
353
1599
779
2123
5692
6568
2327
5279
4822
6134
8162
4339
5592
7965
3999
3789
2345
4549
3596
3699
2083
6328
5482
2797
7347
4422
1329
2999
3990
1516
490
3858
1777
1029
7703
8068
11
3759
6719
7209
4767
14
6212
3443
4378
4882
659
901
3903
2232
75
2363
7632
834
7690
184
3617
4994
2747
5011
5567
7820
7276
1926
1361
5304
2785
1253
5904
5839
6675
1572
2055
4026
4170
7891
2283
4039
43
4167
3250
4581
4265
5914
7797
1514
539
6783
4384
3212
5443
360
1283
3115
2642
5445
1790
1652
2219
2149
2420
2944
2950
3292
4922
3604
3290
3970
4445
4162
7717
5884
2908
1896
7218
7573
5527
2722
1382
6176
3036
2790
3080
6467
7455
325
2546
4329
2676
4534
426
7392
792
5974
7906
4464
4195
7159
3053
7442
2829
7427
2701
4666
4070
5754
351
2840
5633
1232
2962
7216
4133
5134
7644
3963
6682
5458
7378
4654
179
5226
1559
2495
1157
7816
4548
232
4964
7223
7039
4909
6809
3516
5463
82
6677
4649
4842
1946
5257
7331
6317
2069
8043
6504
7716
5939
6674
7193
2406
5276
6227
68
3021
7100
712
3517
6851
710
2718
2777
6771
5606
3748
664
1615
6256
3139
7982
3850
679
6537
7406
1380
1192
7109
96
48
4119
4290
4461
3031
5017
3186
433
1510
7752
770
93
443
977
7452
1094
5496
1095
6445
6490
1801
175
4924
1452
5410
8132
3361
3072
3547
1291
3076
6057
5501
8181
6655
1235
6447
156
5762
3994
7629
7325
5807
6524
5237
279
7919
1340
7639
4814
118
2990
3045
6157
5976
5899
6808
7469
6667
6087
7211
6774
682
6557
6646
5640
1435
2117
4096
6630
3624
859
3580
2455
1258
111
1410
7721
1550
2223
1895
2159
7259
6217
2249
4907
1703
63
3820
2396
1213
1531
5697
6769
7196
3492
4949
7431
5941
3794
497
145
5730
142
6142
6858
5681
4620
4602
6425
3195
7647
2097
6003
5478
1603
618
4483
6551
3022
7557
3305
906
1868
8168
1175
4577
2472
822
4227
3955
8180
5175
1215
5489
6241
641
662
5637
7182
690
6592
6966
6434
1449
3114
2597
6973
6508
3000
4931
8155
1101
5460
518
3645
7049
4411
6816
2652
7643
1349
127
922
1847
1254
4477
2683
4564
2181
4900
7829
4407
3586
4243
837
316
2320
46
1490
4394
5507
2037
3247
4153
4069
6298
7327
7226
5819
1205
144
7763
1916
5069
3438
6666
7806
1501
4938
2573
1220
6308
1675
60
1319
3981
2343
3303
2952
7305
5546
362
6853
1662
5356
1051
8005
7801
3494
7641
5657
7269
1596
5745
6738
5956
4744
5525
1665
5430
134
5253
380
7170
5720
2356
1274
3451
2301
7246
3993
8150
152
7052
7212
506
1312
6975
1485
5157
4571
1217
5378
6796
836
2985
3964
476
4454
6786
446
4511
1558
3718
7206
5146
2837
4792
8167
2193
2454
3805
4304
2308
4478
7665
3772
1954
2775
7683
6746
7130
4209
3827
5799
3954
4709
7701
5658
2529
5081
1508
4359
3647
5388
6704
4617
3111
5631
5171
2665
5335
797
7822
2338
5451
6071
4118
6609
4365
7766
2521
4190
6995
5728
5751
2890
6382
7888
4520
471
1993
4093
2793
7058
2656
5804
7681
6883
1398
7432
7967
6295
844
1368
3833
8050
4616
658
3968
1074
803
5283
1083
331
6976
6065
5943
7082
2294
7499
442
898
4144
2342
2604
4955
5469
8001
7191
2588
4079
1280
5161
6466
3371
4872
5332
3917
311
2918
6652
4223
2443
1466
1711
2336
7861
1250
7542
7838
1589
1087
6491
7574
2465
5857
1519
3695
8016
3379
4898
5207
7092
5446
5179
6091
4001
4845
2977
7379
6663
6726
4067
6163
5836
1281
6575
5639
7274
6525
7476
959
3725
4440
5218
5234
7210
5862
3566
6918
1937
7256
2271
7250
2621
2851
1538
2385
3023
689
2186
7510
5967
6355
4698
7514
646
4843
3868
1829
4798
4354
6433
5016
6969
543
3819
3740
1075
2270
6135
8161
6721
1894
309
1068
637
3387
2399
3478
2200
7266
7139
616
8070
5729
5834
6687
4240
3988
2490
3435
6978
7555
871
4947
3488
265
7931
6513
3551
4736
6331
888
4060
2078
5036
7768
5422
8078
1412
5383
6565
2145
334
728
3594
6017
404
6225
2367
3056
2253
6795
6320
1499
2500
6246
3861
8063
5556
5286
5991
1523
1678
6392
1432
5297
2474
961
3491
7585
4226
150
2668
3183
5404
1107
7335
344
1709
1403
3919
6094
2486
2155
4727
7096
7011
7183
2706
5569
7694
885
7880
2862
613
3038
229
4129
2849
5901
7787
6351
5864
4204
259
3326
418
6186
4514
2084
722
7986
7322
1354
6574
2131
5057
6923
8153
4099
140
2057
5449
5790
1401
4531
5187
4113
3937
5024
5111
3385
7205
6450
3243
7530
4224
3515
6038
1261
2898
4048
7899
7297
7640
4567
7693
1548
1302
7512
6605
1528
2335
166
688
4832
4163
7072
2072
1628
1366
2570
4268
7219
7833
2672
4494
6831
2267
7245
7261
3608
4328
7000
8114
77
2590
3346
7279
3010
3504
130
5796
2814
7066
814
1177
5317
3276
5169
4952
4570
7224
5302
3417
2640
4968
1482
4006
7142
7959
5912
4650
2317
6792
4954
1084
5822
4555
2319
4635
1646
731
4890
1359
4197
4854
5406
7944
1155
2312
1088
7572
5712
2297
7125
501
6316
8120
5978
4203
7544
5100
4785
2242
6173
6842
4588
2614
5391
2844
5459
3319
6041
2600
449
7143
6171
4389
3197
9
5075
6107
7517
6301
553
8112
4853
1859
7547
1800
4563
5205
6680
5454
7334
5800
1955
3203
3561
1402
4293
2998
2691
716
170
7314
267
6218
216
1555
4436
5772
3398
6468
6368
562
5324
3985
1732
3330
5153
2514
5114
163
3784
4841
7184
8029
1219
4622
3096
1159
405
6437
2075
6503
3982
3155
3088
5813
158
7916
6143
7696
3355
7127
2372
2257
8115
6512
590
2331
6192
5732
2943
8028
1130
1710
1745
3585
6113
5818
5520
854
6238
4215
5786
7319
4256
5467
6891
7921
7548
1298
3252
5181
7688
7185
7055
7823
1203
7042
4819
2865
7292
3679
1940
3537
910
7397
2929
3787
3300
6285
6545
784
6096
5788
8178
1048
160
8106
5490
1479
6250
1985
6641
976
4028
3761
4470
5290
2591
751
1484
65
1779
3324
3253
2015
7091
3178
1661
7275
1394
5811
8103
1983
3549
6426
62
4285
1616
3854
1721
4776
7001
2625
1863
390
6216
8116
820
8128
2767
3210
7204
7097
5028
7862
5384
1642
4418
4582
2150
5590
479
3442
6451
7462
6950
3128
7913
1013
5573
6012
3122
4337
5338
7241
6601
338
6203
1544
74
3548
3869
2794
3085
2031
5198
8076
7136
4211
872
3774
332
6254
3450
4775
7850
3486
4125
3043
5960
5650
1866
3171
5972
4752
5312
4825
2917
1249
927
7147
3960
461
5629
504
5721
1977
4180
6414
1241
759
7468
6650
7320
1781
5867
873
6632
4921
7262
8041
7304
460
4402
3877
7929
2766
5353
510
6930
3187
3578
7497
3817
4553
1133
3041
5333
4131
1956
6120
7669
3345
7745
515
6346
1260
3643
7166
5749
3686
4550
5281
3967
1185
7984
4414
6093
1218
3965
6251
4700
2945
5512
3477
1459
6077
5018
5564
1976
604
1178
2873
3295
3134
1285
2128
3680
4521
7106
4873
6068
6358
167
56
6943
3750
2404
4834
7771
1464
6589
7878
7258
1081
864
5860
1561
4137
3576
3627
7945
4859
2244
5945
1314
1694
6009
3950
624
1273
6636
5547
2825
2438
7168
6074
5995
6270
1914
6526
7909
6990
1370
4538
475
283
882
1595
5433
4961
124
2295
5701
6921
748
3933
1980
1333
5154
6191
6824
5287
1862
8022
1978
5337
6327
1630
897
948
7283
6689
257
7044
7946
7932
651
4350
4155
2991
5020
1554
5988
4018
2772
1871
2485
5080
1621
1050
5047
2018
240
5447
1979
6400
6967
6928
6528
2818
482
4986
3786
7533
3956
2888
1733
3972
2567
3612
3974
263
7551
7070
28
3367
4185
4645
7156
7122
5829
6579
929
4730
5920
7949
1845
2997
1151
4707
3066
6461
2799
2065
877
3669
1041
5252
2375
408
1431
7008
8156
3587
2463
1787
2254
8074
2011
7038
2478
4756
6442
194
648
6352
5241
4578
6979
3287
1252
7311
6089
2791
6871
2229
7063
243
6421
7068
3840
2163
5372
1844
4210
4847
1590
951
2562
4627
2644
4179
3781
3004
3332
7370
5805
6015
5757
2135
4040
5690
1577
4237
3791
5393
5242
3329
582
5643
1463
1731
273
5789
4811
1515
1713
1114
4078
3949
3593
4766
3046
4198
3897
3459
1697
7354
6703
4668
3825
7783
991
1165
609
3966
4508
3962
1981
985
1438
7387
6114
6933
2081
5186
2512
6736
5307
3388
2448
669
444
629
3119
3951
233
6998
2630
5293
3001
1792
5852
4768
8157
6165
2362
227
5120
4606
4979
6069
839
581
8083
2541
5535
2673
429
1825
4275
1537
4807
4801
4311
2783
6459
6830
2286
7112
1142
3457
7171
224
1263
1049
7243
2780
7046
4471
3631
5538
3039
7810
5958
5996
3590
132
7955
5699
4889
3205
5498
895
3404
2243
10
1879
3020
6711
5780
7273
202
7584
1965
6679
7943
6129
35
317
1992
2800
5889
5025
4510
4152
5647
1328
7268
7485
2445
2726
6617
425
2043
3973
6487
7443
7562
4120
1858
2872
7777
6386
2955
2750
1118
1598
319
5855
5828
6867
6904
2151
1363
1145
3971
2358
7021
6397
364
4575
86
2842
6861
3637
7369
7625
7422
4420
5137
1117
198
5106
532
7401
622
3931
7676
6912
5127
686
2913
1407
2111
3444
1348
3294
3030
4660
3180
6127
3757
2993
4037
6082
1066
6648
8024
1752
5479
4166
5875
1903
3598
5007
6670
310
6264
1744
2233
6755
314
5599
5509
1443
5197
3112
7649
6427
5363
1100
5766
409
6220
8183
1854
6751
4105
7414
5015
7505
472
4734
5769
8080
7807
8113
5150
3177
542
5236
6604
3350
6384
678
1322
6548
5882
1141
755
1108
1161
7189
1247
8100
3884
321
2222
6531
8184
3257
4280
3275
1306
242
2415
7140
40
671
4169
5180
19
2883
4139
7498
2036
6970
269
4991
7037
5079
7180
5572
2653
1149
1193
3806
2256
1272
6304
4849
2132
6725
3407
5420
775
1360
4913
5442
4758
8185
655
6702
512
5985
7782
7566
6033
468
1024
6635
5977
6307
4388
1376
5854
4597
1608
4025
6123
2318
5453
7515
675
949
4474
1505
3991
3244
7558
2607
1030
6523
2004
4321
2144
7009
3463
6349
6815
6374
2076
3925
7827
5505
2246
6926
1424
1524
4012
5544
4726
1775
4784
1061
7382
2631
4022
1861
4182
7446
830
3428
5220
4676
7812
230
3403
6342
3676
6247
625
2554
6446
6676
826
2103
1656
6495
6863
4497
7839
4286
7858
7705
2038
4851
6103
1073
6109
593
3422
5615
2807
406
979
5559
1521
1355
4988
5465
1332
2411
3198
7472
8131
6291
5477
3726
7405
7384
6004
5200
6569
6643
5641
579
7887
2468
3758
3458
3709
6198
6901
3961
6789
2720
4385
4089
5845
3906
2509
7598
5531
6740
7837
113
280
7948
1022
3692
2839
4116
5416
7525
7793
4370
4047
6761
6404
5225
4646
867
4838
6306
2517
6122
2389
3927
2927
7674
1127
7330
6615
3479
4217
8133
994
3430
5329
4733
1644
3374
1930
3265
368
7704
1200
3453
7440
7865
7597
7439
3983
6840
5801
1077
3236
2938
2880
3341
4723
1339
3914
6229
155
1991
2113
6906
1038
5185
2427
4425
7567
8062
6037
2735
3535
264
6360
445
5858
2871
7316
394
8159
6140
7964
1522
5553
4781
5842
4612
2533
2383
5677
2906
1838
2032
2737
849
5503
4610
723
5046
6846
1857
3006
6249
5752
7423
7719
2657
3082
5213
5370
7030
4212
5027
2856
6354
4863
3281
1423
7902
1364
4218
6272
5881
7808
3476
5820
827
4896
272
3015
1017
3073
7778
1850
5438
7904
1238
668
7015
4011
810
473
8101
2705
2395
7981
4168
1325
4864
6578
522
1754
6564
1492
3689
6866
1760
8077
6210
1563
7917
4755
7340
2172
1103
4062
3995
7698
2353
4746
4691
4590
5944
6081
4453
3835
773
601
5563
7290
7343
366
4923
6310
3609
7604
5696
6582
6587
6960
5612
8136
399
6817
1769
7799
6924
5558
8079
7720
6118
7890
3217
4178
5871
4637
4334
6443
7859
5264
3536
1076
7447
5214
5397
6101
7481
2525
6668
5008
5726
3818
5280
2306
3161
5891
2629
1201
6505
2904
5142
1277
5676
3799
2684
2564
4294
2543
5817
6881
890
3268
4878
4151
4375
2954
6222
4817
7973
4795
4103
5969
5
7350
1923
4939
5890
6516
4739
1834
7449
5116
7691
8088
1035
7651
7798
2930
3269
7153
3678
2863
49
5029
3832
2266
7623
5711
1056
4010
4906
6515
5973
6637
2168
875
6372
1833
6001
5456
2304
943
6051
7995
5224
2947
5323
45
3855
2724
2682
5004
6874
5275
7659
3141
742
1987
3843
2651
866
8091
2879
6768
6133
2619
8039
7295
8053
5423
7233
3602
1941
5618
5703
5428
2744
5516
7864
3293
2537
228
8143
6932
2426
2804
7364
7733
5736
4143
456
1356
737
4051
3939
3734
2687
782
1286
2388
6540
7388
114
1958
3173
5902
7026
6968
4710
531
8051
7123
2983
0
4205
261
2667
3165
5763
5055
3540
2277
7308
6230
5894
3941
4368
1028
6778
5511
5192
7934
3523
657
2099
120
6168
2677
7007
5034
4728
7073
7473
5228
2754
4631
1047
5897
4159
6756
1936
6522
1026
2515
3846
2183
5091
2247
1395
6183
5041
5499
5149
4081
5095
434
3406
1997
6263
3889
4376
524
1441
4091
529
3936
2118
7513
4701
4310
610
417
7474
2841
7679
5750
4769
2453
1033
3836
296
1814
536
4515
2729
4231
1743
5708
8087
4958
2884
2812
5883
4341
3905
2457
7488
6994
2695
3433
5649
5915
2030
3231
5441
1881
2007
4417
271
2138
2477
1167
2090
2296
448
7764
4770
4124
7957
1932
4323
7133
5030
676
5784
7144
2349
1821
5758
1998
6167
102
2305
1712
1874
6566
5694
3826
516
1113
1320
3714
7491
6190
6757
6593
2260
5386
2141
2492
7966
2300
6762
5521
2763
5661
4738
2323
5291
6018
4720
8102
339
7104
6086
7587
5440
7776
6739
1828
6287
2580
3691
3448
865
5468
1961
4318
4630
5314
7650
5954
3358
6558
6873
3742
7571
7710
2951
7925
3505
2933
3125
555
3545
1971
1836
5038
7328
3697
6221
6509
7672
6794
2796
8160
2716
3775
3261
5740
5695
857
8123
6240
4332
7461
4539
5414
204
1639
7119
6390
5552
4903
7363
3671
6245
223
2369
1816
2209
8172
7583
3213
376
5702
1573
6506
1496
4697
502
7715
4331
3202
4930
5660
5999
5455
7657
4426
6925
7014
5831
3285
2608
5227
5392
926
4433
2609
2332
5880
1546
3559
284
6803
5938
7748
3375
6770
4858
7682
5135
5715
3558
5700
7531
904
5903
6822
2527
5033
567
3980
7391
5013
5076
1445
6741
8084
7107
8118
1568
832
7918
3208
5898
6963
6024
2781
6090
2109
5952
3622
3360
3077
6479
1014
6302
4109
5001
5993
2779
1750
3113
4812
3164
7805
1788
4308
2964
1210
3057
7586
3087
5984
7365
4147
2412
5648
7134
7420
6367
7889
2269
2535
4274
6779
5313
7970
3922
7749
1044
222
266
3468
4751
6496
6079
343
7989
2854
589
6649
3204
3729
1604
4435
7019
7045
1830
253
7061
3875
1911
2458
363
7794
8069
4919
2000
7408
1150
5284
1091
5151
5262
5305
896
1935
749
7969
3090
6938
6435
1207
2702
5514
8125
268
7563
6014
2900
5183
2548
6000
5019
1268
2585
5734
5129
5895
4696
5177
6710
3445
7653
6886
7197
4640
3958
6275
772
7169
5319
7601
5193
1520
1334
7855
1645
3234
7222
7286
6838
2616
3562
5098
563
544
4206
571
2102
8046
1111
1497
6799
813
1701
6338
605
4996
3209
8158
6313
2731
962
1657
1638
4729
8004
3599
3744
7813
5833
5210
1784
5568
2719
5582
2817
1740
7460
743
980
4054
76
2435
7559
3291
4535
5664
1839
2348
3552
2034
2905
2198
4110
569
6759
1345
3013
2450
2502
3426
1489
1669
1715
1654
5593
7128
730
7031
7915
4687
4390
4324
6008
7722
6196
6326
203
3092
297
3263
1391
1791
4299
1886
694
8010
1444
6696
6908
805
6952
67
5344
385
234
1950
6416
2027
5491
3800
3408
80
4927
7463
7300
3898
4941
2805
1540
2973
7321
6791
1240
4443
3646
5303
1815
2967
2446
7190
6021
3084
4272
1270
7326
953
1571
3721
7372
36
801
1663
2384
5374
2958
3674
4695
3567
3717
4674
4500
2350
2176
6724
395
4266
5534
3318
419
7260
89
1556
2371
3597
6507
2288
766
6016
16
4559
3655
568
5306
4239
1912
6152
4757
2980
5806
6982
5132
7163
1156
6563
7081
5777
1949
7734
3513
3313
6013
2287
4061
7675
3705
3525
459
4692
5155
2437
4609
1375
1948
1891
6688
3042
4463
4715
7602
1498
790
2366
7176
583
7662
4777
22
1517
6997
4353
5787
2922
1405
2153
415
1882
4423
2365
4428
2421
1032
5982
8057
3904
5872
6162
8117
101
3163
2732
615
5488
3984
6025
6373
5345
6826
5164
6055
3377
7876
7779
2139
7953
6422
5288
3601
984
7390
5295
4688
4722
6813
4429
260
5502
3908
423
7348
3588
4043
6859
3571
2664
27
6880
3813
480
7746
817
2576
7614
4935
7113
2832
6764
2881
5674
4219
3189
7158
3497
2560
1974
5627
6686
5707
3003
5073
2376
5847
6780
6737
485
1810
402
537
2328
2946
925
2409
4904
4902
4893
1963
4087
1293
652
2530
6193
7968
5719
100
2659
4004
4073
4107
848
7117
6556
1786
2082
7157
6117
4459
3683
4528
5138
6343
8002
6671
4439
1622
500
3147
3455
6396
6941
1446
282
1755
2931
2066
4030
6
3738
3615
3467
5921
7963
7242
3328
2042
6828
5244
771
197
4686
2092
5062
881
7349
1052
6366
941
6363
4962
4441
6269
3423
7356
3170
4706
4682
681
5536
6137
4172
2680
59
2324
6955
2978
634
4860
3214
6106
7582
5058
5037
3437
2624
4918
5663
2239
3027
2834
209
5636
1759
3462
5078
3035
7434
8049
928
1146
7997
6204
4552
4262
3101
4525
7713
1593
1143
189
4912
794
744
7780
5610
7840
5826
5570
4741
4319
3314
5613
5524
7795
1121
1034
6303
1310
3829
7826
1453
946
210
4867
7811
7656
7465
5979
6330
2891
1637
557
5526
3333
6947
7543
5557
1182
3743
5068
1379
1691
7835
3174
5092
4421
7860
7395
3289
4920
1126
2674
1569
8179
3391
5054
2466
7458
205
3892
7466
566
6935
5576
3565
1717
304
4371
8089
5452
2298
7526
3150
3081
2566
1982
1458
1649
5126
5115
2071
5421
2058
7742
7775
1513
1089
213
6915
1951
6453
5980
2547
7621
1233
87
6282
1420
2284
1346
5793
1689
2948
6673
7802
4984
4624
5476
4460
6020
3651
4972
2857
2049
4543
5815
3104
2002
972
6989
7430
969
2915
7988
1064
2867
2191
5948
1723
3192
2895
4158
2836
3839
7732
178
3870
7626
1416
3592
32
2201
4763
5919
3650
5109
2639
938
498
2235
4905
5727
3413
7002
377
7553
1304
5765
8023
2920
5495
4735
3392
2006
143
7344
6659
5866
484
4663
483
6448
695
7411
996
1888
7238
4965
171
3521
3873
7928
2451
3179
6293
1005
1148
4360
1892
2923
7167
4680
7111
7309
5434
2693
697
5071
7413
6023
4579
6042
2746
2070
5188
4292
1131
3544
2753
5510
4765
201
4862
7138
1016
8033
1275
5271
6658
1506
952
630
47
2265
5418
5655
1436
1990
3
6039
5823
862
7503
4901
7854
1234
1004
379
3323
6576
3373
2063
496
8134
384
6693
5265
3528
3934
5859
5487
6189
3044
3632
5212
5770
2751
8189
1970
4489
4888
1679
2615
3625
1237
1478
4982
1906
1610
7161
7502
4193
884
860
2513
4277
1667
5565
4298
4829
7580
1566
2963
5848
4974
4468
3668
4208
3238
3555
2008
7974
1158
4181
6411
1296
1090
7492
2714
3522
4502
1629
6692
6175
1869
4576
2658
2452
986
3526
5685
6518
2134
3272
4523
7437
247
3664
7040
288
1889
2309
887
4126
4053
3940
1006
2511
3402
5493
931
1313
7769
7875
2460
2757
427
5668
6438
5326
4899
6775
6344
4572
153
6942
7451
3753
5407
8151
5166
806
6971
3687
2679
4029
642
4362
4315
734
5094
1400
436
1262
4296
2314
123
3572
1811
1191
2120
2650
6161
1699
5254
2540
2167
6988
1350
6199
4325
1031
7786
5330
3362
856
6049
2280
7480
6415
4992
7666
1714
1221
3274
2820
2436
2770
7539
1872
217
4117
8094
5837
1840
6913
4281
5767
5741
4447
4383
5195
6455
2733
932
4507
6596
1015
8045
5850
286
2845
389
129
133
4945
703
3623
2161
4264
7603
4033
4241
4589
5908
6319
5010
7762
704
7901
3901
1887
7415
8137
7773
2501
8047
1734
3168
6936
2225
3259
6058
4356
5900
3466
7709
2507
487
4057
3347
115
5753
2532
2559
4283
5405
3062
1317
1184
2518
411
8020
4717
4772
3810
4157
534
2696
965
8071
7712
3611
6753
6957
5571
5274
245
6959
173
3137
7977
4601
2976
3095
7756
7846
6567
2926
3866
8141
5082
6431
1666
7940
3482
1491
1605
5578
1827
868
2221
4887
328
4607
4685
4558
2316
3707
4013
7165
6153
992
7654
2710
945
5791
4943
5759
4683
3258
5756
6841
4220
870
2982
1153
7637
3500
6847
3670
2986
4537
7291
5846
3434
6228
4141
3546
6408
4065
7124
3469
970
643
396
1295
4915
1308
2166
1176
2175
5349
525
5285
7920
3154
1388
2019
4249
2039
8119
7181
2325
422
2563
661
3881
636
2423
7186
1795
7467
1512
6894
880
2634
1738
7296
7753
6472
1758
2935
2428
3279
693
3414
6119
612
5093
4000
7154
2768
7765
7708
6760
1465
6486
4074
7877
5023
2957
5259
1527
2925
4183
3932
2202
3893
3831
7228
7456
5863
2896
6555
1819
5718
4865
1300
5542
5118
5066
570
6885
4556
3804
2803
1975
4874
3766
700
1848
2047
1552
1096
596
5992
432
1719
4112
3133
3270
7028
617
3363
1282
937
3454
7032
3190
2164
8052
5471
4501
6458
7596
1952
640
4154
3976
6541
2174
2861
349
327
4345
7252
478
2182
3246
7668
6511
5480
7814
164
5049
477
2354
2359
6715
2549
7882
955
6179
3918
889
2334
6047
3441
7263
2210
4188
4764
8174
42
5204
3267
81
835
4747
30
5263
3640
6852
1673
1343
1586
2440
3675
2220
635
4711
7402
300
5002
7652
3802
1413
3652
5053
7336
41
2595
7118
7987
4063
2692
6922
1008
3008
4490
6499
3797
3299
7416
7983
8126
5670
4835
4146
3767
7939
110
4703
6489
154
858
5768
3943
1984
66
3690
6410
1716
1323
724
5464
4427
2966
1001
5322
6810
6132
2226
4908
6864
8093
2613
2307
3812
4604
3657
5222
5398
3005
4774
2205
2689
6729
7403
768
3431
1003
2029
1534
6633
4458
3783
5844
3506
6550
1122
684
7240
3368
2414
38
7540
1419
3260
392
3899
6430
7664
2654
2340
5849
5678
5396
1125
7819
656
4150
1856
3959
4351
3123
2678
6793
6345
324
5143
1062
1408
2208
7638
2843
508
6205
3383
3900
2594
4880
5240
73
3945
1475
7549
2179
6642
5905
489
1928
241
3103
4999
2741
3051
4176
7591
5035
3909
3136
4229
1575
6473
3297
2387
2273
1736
313
8171
8111
4532
5994
3682
5425
809
4397
3356
3620
560
1690
718
6763
237
5608
1650
2526
8163
5947
1043
1763
4981
8090
2686
3635
1619
6315
4714
5515
1533
5605
4506
8187
7738
6060
4815
3722
6823
3852
677
3480
6498
1865
1924
7115
5652
3107
8038
4716
5622
5402
6640
2792
745
5267
6034
4557
3708
3167
6159
5450
2378
717
1718
2355
109
726
7730
2846
4225
4536
4401
5012
7658
4837
5039
1188
4659
4128
1581
4522
4132
2848
7398
8186
1303
7425
795
5528
1927
1019
3074
739
6475
5953
2661
6544
5755
3660
3684
1326
3100
967
3218
4187
530
2505
8
2827
208
4580
7417
5385
2816
7201
4270
4432
7024
5997
1265
2480
3118
1447
786
6376
1692
4092
8129
3607
2101
3677
7441
6877
725
5350
3978
6620
774
8059
374
7622
214
1378
7687
6387
6735
4673
6158
6875
196
7234
5797
7707
5481
6954
7174
7927
5742
7680
5269
1746
2127
3365
6785
1774
5246
6889
7338
290
2916
982
5331
3749
2289
1239
6533
6806
5209
5294
5775
4594
4585
4789
4839
4773
2878
7741
2764
5779
549
5885
5014
2784
1820
5311
1553
5970
90
7534
1353
3461
7450
6804
2025
987
4446
7237
6062
7731
2730
1592
7607
6917
5906
7285
212
6470
7493
4442
707
6929
4626
964
2429
6197
5221
4593
7879
920
3719
1562
753
2278
1500
8145
8017
2743
5359
787
1808
971
8027
6964
3397
420
31
7220
1915
3132
3162
7565
5466
6144
1693
7339
2635
4485
6754
4892
7248
5935
905
4771
7453
621
1776
148
6752
453
7051
1674
4937
4712
3639
5243
5419
6716
7175
1138
5642
6730
5886
4386
3432
3849
2195
262
52
2464
7033
4639
2382
306
8006
1287
740
6248
4473
7376
4156
1968
57
5949
2995
2899
7990
7394
3793
4749
7478
4856
5321
26
4960
6597
4678
639
4753
1226
7229
105
3130
1772
6560
3489
741
7482
1321
1236
4836
2217
6502
940
7809
2968
6043
7288
5731
3288
3807
3109
1457
6580
2553
3049
5684
8175
7173
1195
5500
1535
6428
1988
6361
4647
2601
6424
1012
3619
7089
6845
4780
7160
540
974
1921
3140
1742
5632
6292
3321
3086
2765
7618
159
6612
4115
7900
5748
4372
1455
6005
4632
6439
4097
7905
5411
5231
5963
258
1338
337
5230
5879
421
3929
4914
5691
3011
8099
6705
2685
4509
3665
1626
7910
3357
2688
1197
2419
3874
3091
206
1640
5334
39
3296
823
1878
2339
5517
1369
3490
6125
7754
975
55
1851
8110
4925
6148
2487
788
1069
8058
2571
5044
4355
5417
7329
6369
44
2281
4702
1773
7380
5032
815
4790
3621
6919
3264
2638
7519
1695
1276
1823
6879
6262
2709
8054
4689
699
6405
995
4253
3153
276
2641
2238
1202
51
7673
4261
1660
8014
1867
5087
4456
7010
2108
1842
3175
8097
6040
7516
3224
2053
1086
824
3880
7187
990
5785
3575
3384
6888
527
5107
698
6347
2774
2739
451
4679
6907
7496
3017
3928
4374
8105
3613
645
623
4866
3386
3508
4933
1582
4326
4289
7090
4950
5616
3009
3531
3301
6154
7278
3028
301
2116
2188
239
6449
3394
1139
119
6300
3560
2826
5735
551
3662
4161
1480
6849
6188
1846
5714
3425
6892
1511
3553
7711
5328
4408
7743
2087
2441
2519
6571
7150
125
778
7074
4255
7856
2237
791
7249
3727
2610
6409
5096
799
2093
5638
1372
1377
4512
5346
5597
8121
6868
7145
1078
246
1898
6130
2869
1311
3220
5624
8044
5916
4077
957
4382
5005
6174
4083
3493
3636
3429
2054
6732
565
7735
4257
6787
2285
1204
2261
6694
391
1641
3762
2708
8152
2213
886
2184
1427
1110
4540
2550
199
1557
4625
899
398
1494
2240
2762
1292
3364
2180
6608
5723
7671
7923
6493
7060
2393
5492
1488
5918
7043
6835
2048
1685
1493
863
6948
7893
21
5431
1837
2698
2322
761
305
752
7636
921
838
2104
5877
2481
499
4173
6283
1778
5088
7930
6535
6332
5738
2956
3336
4664
5540
2703
5873
4623
1010
3254
5626
5607
6940
2749
4234
852
5617
619
4823
2602
4123
4192
450
6872
3146
7903
2259
6685
6407
1631
2156
930
3760
7396
5680
3957
4455
8064
6538
1682
7728
397
5473
4032
3499
1570
7895
2633
1170
3102
711
5588
3271
1583
5104
4786
1803
6084
7908
4230
5077
4737
7737
1547
5140
7287
5474
2196
5689
1634
2494
3808
1428
2397
7871
6149
3126
507
6613
440
732
4542
4869
2194
4754
705
3483
4496
3538
7346
2742
5043
5566
6981
1960
4175
3926
4479
5056
474
673
6944
5128
1876
6619
1507
7120
2593
5432
5550
5085
4412
1917
6583
2126
574
275
2016
5486
340
6050
2936
1342
2723
4989
3440
7281
1255
2969
7608
7550
3841
7520
2987
383
7645
6829
3779
2112
7215
5537
783
6590
6695
1467
1224
4300
3501
4997
6187
6662
1676
7615
7938
6911
1386
193
1529
7333
5167
3747
4380
5320
4629
373
5774
320
2368
1526
4732
5579
5184
7225
6299
1451
3821
352
8003
2612
4980
7848
2330
2771
7724
7912
7834
2738
2250
4396
586
7605
6572
915
5462
2663
1953
7941
5409
7149
2033
7035
6160
1532
7267
4783
3605
6697
4480
7436
7141
7529
7294
6454
2937
846
800
183
6599
2984
3911
5548
5158
7429
1683
5998
855
15
535
6691
211
4742
1565
92
1418
1474
3227
812
947
2310
2214
188
1509
3814
5962
1070
6980
7522
2499
5722
2618
7831
4821
1211
588
1705
6401
719
2855
3648
1766
25
3401
6395
7851
5341
215
293
6268
6598
5662
750
2675
4232
3317
1698
1725
2142
3952
2044
6213
4598
2599
6784
6201
369
407
3079
2528
5358
6706
2010
117
2755
3124
2912
7501
1739
4883
1172
2292
561
4530
558
2531
5925
6856
7847
5656
5325
4648
84
3895
1780
7774
4911
7960
3543
6362
190
2847
8154
6194
2902
2965
4762
467
7078
7935
7148
176
2418
4400
4993
1789
6600
5760
3369
1939
2405
4377
4486
6758
6497
3790
2974
6394
1824
6607
53
5778
447
5119
1964
1913
4643
6063
3449
3887
6909
1972
6432
7083
702
3256
5513
8040
5645
6584
7633
4036
4072
6484
2248
7448
5940
3822
912
5739
4932
893
6255
7575
6364
5194
1486
3025
3716
517
4704
6267
608
3381
3975
2216
3335
4313
2542
165
7152
4307
248
3307
8067
3420
1602
1720
4309
7954
4135
7445
1609
3703
6865
2727
5602
1624
4499
7554
4363
5814
2386
2476
7048
5851
3237
4670
3837
7360
6500
2819
7094
3002
1584
1686
7213
7767
5816
5541
763
5983
393
1288
6274
1448
3953
1684
5821
1267
4871
6869
6833
3626
1468
7594
5922
2959
1907
1748
5518
6884
5099
1299
3219
4788
5776
6121
235
5113
5743
2503
1607
2442
1636
4404
1574
6805
3099
1704
250
2390
4213
538
1919
8011
3568
1852
4263
4796
3534
4655
3938
2475
7755
650
277
2988
3040
4492
6083
3071
3225
4245
7121
6683
878
7023
4369
3773
6258
3016
1588
3343
5893
1093
7085
6825
1367
7371
7099
7933
5504
2064
3359
2086
6359
2021
2960
7568
6837
4638
4344
7298
6665
4306
4136
2584
3395
3135
2052
4944
5961
2234
4251
519
5248
2970
5484
1271
1371
7523
104
6070
1947
1054
8085
3282
3948
729
5045
1318
7006
5357
3354
7758
3160
3158
7381
7725
6108
958
8191
5574
2551
4731
7853
4846
4314
4014
2189
2361
6818
2728
6660
7700
5031
3277
1502
6542
5108
6611
1357
2203
1934
7315
1587
7770
6341
7312
285
4098
6622
1426
828
1246
4587
4364
2596
83
5870
3614
2882
3879
7872
7897
3713
3876
829
1841
7270
3771
6644
1730
2158
1439
4824
8139
412
4085
1843
939
58
7232
6616
6501
2617
4027
3052
7366
2207
7595
6939
8142
2268
1966
3920
4392
5342
6972
847
1771
4214
8148
1243
7727
249
5665
2040
2760
978
7883
7093
70
4600
1996
6820
2498
5215
3815
5601
6709
2403
61
5809
7642
7208
7619
7057
2786
5369
7667
3026
6378
2745
2646
6899
1799
7996
4806
3656
2761
587
564
6953
653
3399
7053
1036
4199
2157
6657
6618
861
7592
3446
7034
2100
6097
6136
6131
6914
1585
7272
3763
5364
7577
5931
781
8000
968
3172
2655
3325
883
2488
2565
3193
4503
5583
7102
4884
4250
4462
6870
2444
1761
5160
1105
6920
3824
6977
4946
776
4875
2889
6987
6573
3550
3754
1440
3828
4101
1785
6534
2129
983
6638
2623
6546
4002
4200
161
8188
8032
715
2028
6322
4278
603
6277
4652
3436
3809
1902
7857
2401
29
5950
1385
4977
6559
3902
6257
1059
7527
7214
4130
6138
6335
231
3720
4840
1228
6748
1000
7500
6681
706
5587
6002
6483
3200
7022
667
4748
8008
3372
5249
2789
1063
5533
2971
5361
2020
2586
4488
1115
1549
933
2012
4149
6056
3315
323
4271
6064
8015
116
5059
3851
503
825
5679
6465
7702
1606
523
5444
1807
2263
3485
3654
6850
4940
6150
7631
7588
292
7059
2589
5825
1362
457
1152
7080
1753
3563
5139
7978
1120
6553
3803
4122
169
1860
7951
5256
6606
4424
7508
4745
6684
2407
2681
602
1079
3913
1067
6391
452
465
6336
4076
5067
72
3634
7489
4419
2360
151
4247
6639
5932
3304
6595
95
1817
6581
6993
7277
6224
466
2921
6273
7852
2173
3206
2473
5628
7576
7868
5585
876
3487
5529
4035
2279
1627
6145
1102
5764
346
4827
1618
2942
3221
4080
1798
6146
7421
6244
6100
8092
7757
509
2110
2583
4656
6728
1223
6958
756
2725
3338
2170
299
7132
6357
1397
7739
2759
4194
6105
6231
3519
7524
4936
6403
3583
2017
2822
4498
2125
7424
8176
1623
7991
966
2051
2934
6281
7230
4373
1046
1071
533
5843
7198
7947
4719
7367
5172
6312
3166
5348
4482
342
1393
6788
3273
7630
4322
2850
7079
5394
2392
5048
4259
7689
6339
3751
4142
251
6007
2795
4444
7747
7199
4481
17
1229
2715
7362
2892
3327
1245
6996
903
2670
6882
3606
220
4760
7101
3064
4003
3232
6876
7744
1251
2504
5808
6110
3389
3475
2152
298
8177
2524
5744
5173
1437
7207
7518
1002
1039
4336
3886
107
7999
4800
7772
137
3098
5581
3701
1793
5152
4978
3054
2190
6233
7192
3554
5382
1938
8149
5148
7804
8095
660
2802
3739
804
2416
754
2508
5327
3848
6937
428
5936
1065
2587
8147
575
2218
3796
347
289
2391
2291
1728
7317
8007
6857
1702
6170
5835
7069
7950
1284
1483
3992
4088
4603
2115
128
5955
1700
4793
4852
4267
5598
5926
4171
2636
8127
3108
7845
1212
2694
2449
1995
6457
5072
7428
3456
5050
3129
5669
2853
8165
5360
3412
4066
4106
4573
4967
6284
8124
3416
4086
3659
736
6208
6209
187
7760
8056
1986
7264
2077
2326
6651
5401
6536
4959
7884
6243
3048
162
3196
4367
2961
7355
1374
3464
2662
1330
5713
2035
2626
2577
5968
649
5539
3600
3240
2628
1025
2434
1578
4320
2637
3063
4713
5090
6139
387
5156
4957
8182
1735
7894
1681
2949
7556
7358
6621
2622
3439
7761
670
7560
1045
606
7545
2329
7578
5878
2886
6949
4595
6010
5475
3834
7620
3666
2611
3595
1214
4850
3732
4983
3996
8107
1770
6814
3229
5630
4164
244
335
7998
3151
2556
3924
3411
2713
3283
1387
4634
6471
4046
6200
410
762
6278
4358
7521
5136
5403
5856
7729
6059
1136
6570
2575
4295
546
1797
4926
7018
3068
550
469
1225
6896
687
7188
3145
1417
403
4282
4343
841
1027
2756
3894
981
3946
3427
6520
7697
808
691
33
1696
505
7293
7494
1383
4202
7892
3351
2439
2788
8026
302
322
577
4450
6116
692
5951
6645
7985
4718
6054
1351
6061
1545
1782
3862
4929
2003
6591
573
5717
2014
6610
1
789
4305
552
329
2094
3584
3698
3181
4044
2073
3856
1278
3503
721
4779
3308
5367
3070
7050
3811
2557
6812
3642
5390
6887
5435
7655
6045
919
218
2815
3033
1969
5704
174
2068
7265
3498
7830
1134
1173
2106
34
2769
6353
7352
1601
7686
5064
2105
3065
4995
3207
4238
2887
917
556
5063
3816
5105
6279
5141
4561
2520
3514
2835
1365
5052
8035
4242
8037
7646
5298
4082
3883
1390
3215
4566
1179
3320
1890
5250
6075
1257
3185
7660
6653
5362
816
5042
3842
5282
2085
6305
4969
7789
5196
2046
701
2313
4628
6983
1560
3700
1042
2206
5051
3334
4165
6029
3798
6678
3885
1183
6441
4287
1020
1658
5208
1477
665
3342
1294
4934
2143
6112
7784
5299
1813
6207
5560
1297
5219
455
4451
6389
631
2114
1706
5773
4562
7114
23
5070
5803
6239
7013
1256
3907
4942
7926
2876
907
894
4568
5853
3896
121
2545
6288
6798
2013
1097
746
2940
879
5716
192
4885
3337
7870
6290
6311
2417
7155
7484
900
6819
607
6280
5255
1708
4791
6727
381
1053
1617
3557
1011
6742
491
5981
3142
7257
1726
2346
8060
6195
3348
3376
4476
2645
1922
4016
6843
3241
4677
64
5824
8096
6878
2700
7105
842
3618
5216
4505
1104
7036
4672
1422
2484
599
5594
6046
1925
8082
7088
5987
2275
2185
7736
4725
8021
3573
988
632
1112
5339
5832
1190
8019
591
4891
3871
1659
1186
495
7253
4134
126
845
5260
1614
4803
3152
7611
3410
2979
7842
5957
4586
7172
6916
594
3216
2344
5725
2821
2424
5644
5783
5497
7178
1822
4207
1901
7056
1373
3471
4138
8140
3741
4877
2026
1337
4527
4291
628
4750
5352
4897
3255
2146
4437
520
4524
869
3474
270
5584
2647
3110
6444
1123
8135
6623
1973
5621
3910
8086
891
1140
6348
7383
6801
307
5959
4059
3579
7146
4233
6452
6381
918
735
7952
6836
7961
6527
431
6713
7490
2467
416
7874
4826
1959
6429
6318
7788
1315
3061
595
6036
7922
3339
3097
182
6577
6854
796
2433
5102
4090
4448
5667
2274
3641
3138
5371
6529
50
4276
3078
733
4953
4818
5549
3311
3148
136
6463
4833
5928
3093
6053
4787
3582
5838
3518
5201
4216
2024
4361
4017
147
4038
2060
5408
1171
7303
6629
5781
6832
3014
6147
1144
5223
5494
4457
6712
4416
7825
1625
7086
7612
1920
5124
3859
2374
4348
6720
2506
7459
7536
7404
4191
4406
97
3211
8013
2831
3768
7714
7815
6603
2227
3278
357
2643
4403
5026
6214
2561
6480
6482
1471
7635
1381
1128
6115
5942
738
1831
3673
3947
4244
7942
4381
1473
1404
1450
4023
6547
1933
2311
1147
4111
2981
3752
3882
3452
5896
3629
7579
7695
7200
4413
1425
236
7302
3233
3188
7062
3286
3380
7438
1724
1880
2236
2
5122
3890
3037
1989
7194
7418
6821
430
6260
597
5145
4599
6931
696
1389
6252
6102
3704
4665
1454
4352
6085
7541
3144
584
3019
5929
1415
464
8104
513
413
2538
3156
6297
6717
2806
4661
821
4052
514
5672
5247
6777
6350
1384
2877
6625
2522
1072
454
4948
578
287
3058
1783
6202
5924
5309
3512
2197
5840
7095
5910
4184
999
6388
785
7351
2808
548
1344
6177
2919
149
3777
4516
3735
7025
572
1668
3921
6802
5659
5380
79
853
902
6827
7110
765
3481
1564
6669
4910
5022
5812
2828
6219
4475
7718
7914
3228
2911
6393
1187
2932
6903
1904
4724
6104
5123
2241
1591
5110
3715
6375
6951
7740
12
4487
4592
2377
4574
7255
1611
6782
3034
7818
4916
3693
4693
7318
6309
4621
2516
103
345
7236
2552
462
24
401
6294
4973
5591
7726
911
5596
3149
7017
6462
1855
7511
6521
4917
1429
4393
6893
4064
3661
3502
3867
7790
2130
2272
7135
5913
1600
157
6155
2568
7271
4056
3302
2400
1633
5238
4544
6340
414
7435
4258
4998
3520
3127
2432
4095
3801
4094
6855
330
4881
611
1944
3184
5554
2648
5907
3663
2347
5040
2558
7012
3998
1962
4828
7475
4721
6253
91
4465
6743
7616
1259
4675
5483
6700
7357
4316
1957
3916
1672
1037
4019
4613
5009
3785
7936
2459
6772
6898
1722
6398
5586
6897
6215
1635
7569
892
6266
4301
2394
4466
382
2373
3405
6324
494
2578
4583
5436
3711
6337
4705
7227
372
5191
7785
4284
6834
4068
4186
6765
6701
973
5439
5830
7247
291
4809
1796
4357
764
5144
4870
5614
647
78
3191
5086
7869
1174
4235
4493
3788
6543
7907
5604
6890
141
5133
2994
7506
2402
7692
7535
7108
7532
1409
2005
5368
5308
2523
4533
3116
4140
1729
7670
3472
5964
2758
5827
6781
1289
4816
6614
85
281
3366
4491
6844
4102
672
6594
5472
4644
5937
3352
511
7937
168
521
4236
7386
7280
8169
2810
3306
5159
3746
7254
3770
5083
3653
2204
1199
1495
833
7087
1406
7337
3143
7202
486
5165
6961
7841
5373
6088
5424
7843
2712
4759
708
191
7828
7195
69
7561
1164
2903
6172
760
2140
1181
2062
4605
5429
4342
1999
7126
463
5130
2381
5003
6124
3251
2430
5296
4761
1832
6464
2370
956
7479
3694
7084
843
4743
4547
6910
5470
3872
923
6476
3460
219
6984
5239
6329
1551
2483
5673
207
1166
7593
541
545
1411
1543
7570
5675
747
5508
2171
1301
1794
4108
3776
2023
4551
8173
960
